[40, 40, 40, 40]
[40, 40, 40, 35]
[40, 40, 40, 30]
[40, 40, 40, 25]
[40, 40, 40, 20]
[40, 40, 35, 20]
[40, 40, 30, 20]
[40, 40, 25, 20]
[40, 40, 20, 20]
[40, 40, 15, 20]
[40, 40, 10, 20]
[40, 40, 15, 20]
[40, 40, 20, 20]
[35, 40, 20, 20]
[35, 40, 15, 20]
[35, 40, 20, 20]
[35, 40, 20, 15]
[35, 40, 20, 10]
[35, 40, 20, 5]
[35, 40, 15, 5]
[35, 40, 10, 5]
[35, 40, 5, 5]
[35, 40, 10, 5]
[35, 40, 15, 5]
[35, 40, 20, 5]
[35, 40, 25, 5]
total reward is -188405.0
average waiting time is -46.9252801992528
